6990
216
458
766
64
753
516
2000
50
714
991
1728
1484
27
3062
18643
745
13328
1120
1215
363
944
9912
362
9
469
1572
276
286
25
959
242
1533
25693
234
1380
350
317
2144
1567
2803
18
11
2581
15571
96
1222
310
60
1863
968
2412
5462
26
515
560
761
705
1051
6948
2440
7
2325
2896
313
1729
586
1763
17005
1007
1520
51
36
1350
243
554
3366
2162
7739
17574
3093
2018
543
1934
877
5702
1327
7298
1583
437
20
130
1241
1195
452
246
407
7289
5944
771
1817
293
3076
355
14770
4461
928
3605
10764
1132
621
15891
3243
81
62
15339
1138
1246
1784
899
306
568
3099
1334
309
1288
436
6705
972
3795
1825
4467
7418
18607
932
571
24
2911
10076
235
19344
13075
922
1513
2606
2809
1891
134
13690
624
1753
2277
1045
24382
1475
629
27228
7537
1423
1002
90
2206
1574
2538
970
19
2306
2306
312
2022
6
378
29322
31116
1499
2715
4713
30394
504
31995
28934
517
1482
5701
9710
1586
9522
2802
2164
908
278
10566
120
1748
3109
1430
14173
9706
577
228
876
2140
22661
443
651
7538
2086
11839
8063
1648
8887
1568
6030
55
29
353
2067
12066
21110
420
551
4245
622
600
13
668
653
2
222
1581
1841
7133
6435
1796
212
67
4247
1441
1910
32852
417
27667
23236
4363
1005
33
5998
14663
411
2918
2898
20927
1067
12249
518
25690
6443
3215
9402
132
2558
373
971
1515
19635
6309
487
287
5454
44
4460
16906
17063
1890
18326
642
1444
8890
570
339
5458
58
1433
2878
2904
2437
962
7310
578
2501
772
3088
17482
12405
28012
2016
19151
30439
1151
23814
3676
739
18573
275
5224
10539
29693
23527
465
2260
763
939
5755
5117
28803
5125
15324
12867
2877
7767
2406
1403
3667
1476
1822
737
1257
15245
2372
3073
22079
8894
9709
507
7052
1258
7228
477
19803
2442
22642
1401
2912
28561
3096
14589
597
1000
32
812
99
356
2902
1420
3627
16061
35239
19670
24406
2346
7957
2327
3798
18309
28975
10991
492
334
254
964
2181
3689
9424
1428
896
145
869
1272
8081
16313
819
852
943
704
513
1866
2070
27111
1440
200
307
9833
30223
4969
1838
7224
10946
15736
26003
1455
28523
1123
17342
2752
3612
7643
1344
13104
27970
537
2443
2742
540
12062
9251
7663
8066
1400
1881
101
9960
12059
23528
18170
4078
29659
5451
28499
2184
545
3860
8134
423
21226
7788
1612
2100
118
346
2073
1119
12832
1627
1481
22
16579
1143
3104
1579
702
20974
6601
2822
938
1044
4126
12528
1575
1313
29668
351
2121
550
1173
23359
1079
5456
14777
634
2887
3089
9801
2173
3102
7633
28938
17171
7267
7714
8079
2998
7691
2262
2286
3302
21033
5452
1185
1500
2408
14881
15873
15952
394
1437
2830
10831
16882
33500
598
2182
2732
3133
9430
11439
16352
18318
674
3022
1470
5493
5788
26712
3719
7599
9969
32128
37580
1874
2035
2044
8917
10273
11101
13715
14593
16067
19153
20351
22565
30565
645
1110
2645
3511
3800
5578
6113
7299
7690
7985
15147
15885
20027
22763
27803
34684
1259
1971
2009
2269
8633
9929
14107
16083
22664
24194
25023
26270
28796
32522
34887
35112
993
1839
1870
2266
2739
8758
8856
10368
10554
12259
16717
16933
27966
31441
900
1469
1496
1679
2275
5042
5333
5897
6589
10360
10944
12422
14001
20024
20576
20714
21453
29073
29516
30436
32102
35354
1452
1494
4069
4326
5564
7239
7527
7852
10611
14206
15513
15821
18749
19339
20022
20118
20598
24909
35676
740
1236
1302
1474
1610
1895
2038
2263
2602
2616
4561
5738
7678
9278
13983
21965
22051
23940
24420
26889
29644
30946
31549
32041
32136
34867
902
1224
2747
5200
5201
9608
10140
10184
14877
15144
16267
16360
17058
20101
24527
27566
30570
30632
30813
31002
31055
31079
31117
31189
31555
31813
32669
34562
34643
36344
1371
684
11406
3418
23524
2637
16104
12088
12
768
860
4762
506
29699
225
2810
1421
2816
7172
19787
3886
16102
1230
1269
5792
595
688
6050
299
15807
3194
446
958
2004
953
9827
3419
183
1354
2812
13587
641
1802
2625
14879
282
30198
3342
6574
13240
31570
319
9024
9433
21572
37001
5533
308
675
3069
15770
17062
567
5548
21018
2403
1625
11270
11818
11685
2834
8889
10558
32566
227
1527
474
490
3245
1366
1739
3678
4553
5368
8136
11787
13373
15881
19083
23329
28649
28729
31500
36096
1429
1721
489
24986
7723
255
3207
1418
1477
1837
2420
17951
20467
2014
2936
3882
5408
7912
12055
12457
31244
661
486
1171
303
1536
756
1006
3358
9224
14981
434
2583
1446
18407
20356
1843
8086
16305
368
1351
2221
3929
5876
7783
9995
10302
12421
14218
17092
17435
17438
1467
2924
3659
657
5429
31062
1764
18404
1451
6037
9821
10949
398
1048
2024
2489
3611
10130
30348
31073
3098
816
2020
2167
3309
9226
26264
5550
911
422
23305
3558
1274
3161
3195
8734
9194
352
1201
1466
2524
7557
7575
8345
9370
9539
12241
12749
12755
13339
14437
17049
18497
19784
19840
20849
21868
27554
28538
30382
31051
32677
35918
11845
7027
3368
188
297
2741
16691
1487
1523
1819
3105
3363
4258
10128
124
22156
2145
6124
19627
2012
11684
2147
8157
2088
2450
3679
7646
13286
13377
13926
20672
1464
1619
1710
2021
3170
3222
3329
4187
4500
7279
7399
8344
10031
11213
11824
11894
12060
12098
13259
14655
14978
17609
18689
19143
19650
20637
23943
26271
27520
27819
29648
30302
30610
35099
892
1460
7042
1999
27538
604
2036
2326
2371
2399
2409
2916
3670
6022
9028
12796
21173
30969
1184
1348
1339
1387
1422
41
519
5457
292
28146
2807
27536
30393
1776
2727
2881
7296
952
1047
3122
3666
8078
9016
9790
14250
15692
18814
1157
1358
1642
1674
2027
3471
4236
5131
5176
5438
7485
8275
9425
10112
10741
10748
11210
12099
12757
12850
14653
16081
16097
16133
16551
19169
19187
19717
20103
22497
23933
24341
28639
31081
32042
331
316
13247
23051
31671
298
974
16637
528
22062
23119
2850
1722
2013
2174
3095
8072
9343
10387
10555
12482
21561
28389
2092
2532
758
963
1234
5466
8126
23101
30429
19618
8183
780
78
14776
21809
2320
6131
5546
150
6954
1349
1415
5803
910
1826
3094
3420
4696
6444
7630
8135
16329
17064
31121
918
1813
3346
4285
9392
11941
12410
13186
14007
16071
16314
24578
25037
28647
28766
29654
30476
1122
1425
1608
1724
1741
1744
2049
2083
2267
2339
2373
2560
3248
4251
4736
5463
5523
5895
6117
7062
7494
7656
7891
8485
8813
9203
9853
10667
10964
11136
11486
11783
12453
12859
13762
14413
14607
14971
16554
18769
19504
20738
21303
21337
21959
22080
22658
23166
23665
25801
28563
28933
28969
29948
30249
30645
31425
1560
237
8543
277
2818
23099
164
1331
2711
3778
30612
1292
2099
1479
1609
1712
3910
12881
21967
2158
1073
623
1478
2149
2570
3468
3515
5375
7580
8021
8416
8721
11473
11619
12394
28424
1773
14986
15
1
873
994
6615
14826
21478
3761
3780
8069
15844
17315
19619
21312
31897
36300
5894
505
825
1141
9380
333
28473
1772
34803
122
1633
865
835
327
822
24688
2078
1034
919
762
1001
1632
9385
34730
5859
7794
9432
9733
18328
30300
903
960
1325
1542
1622
1732
3228
3691
7888
9141
9740
10947
11879
12343
12375
12807
12978
13894
15514
16585
21308
25696
28858
29512
30248
30364
31793
376
617
760
1186
1197
1337
1503
1916
1924
1972
2043
2081
2270
2609
2800
2948
2973
3189
3340
3423
3526
3575
3674
3723
4252
4856
5459
5685
5700
6144
6843
7359
7904
8400
9238
9588
10171
10943
11040
11700
11782
12461
12633
12639
12681
12997
13414
13643
15549
15808
15884
16114
18044
18550
19082
19147
19370
19953
20141
22179
23323
23934
25536
26150
26186
26397
27151
28060
28545
28800
28956
30803
31178
33326
35043
5
1205
840
1816
3112
16469
37
1245
7089
1175
5840
4443
10236
685
2778
2051
1472
3092
11776
15420
341
5464
1815
6763
25490
1491
1980
2015
3107
3108
5575
6446
6832
7998
10231
13827
18620
19633
26223
2324
2475
18854
2774
5455
8382
9922
28799
6118
85
1271
1456
2411
1150
4166
17097
1695
2578
5449
7403
27775
1465
1573
1618
2061
2516
3406
3495
3924
9585
10941
12945
14110
14430
15264
16679
17848
18484
21244
24387
28046
29673
30485
34257
2703
427
580
1681
4854
5465
16367
30908
31907
830
288
826
927
8428
9487
10898
1751
1918
4986
5489
6312
6526
8122
9427
11550
11905
13831
14984
15827
19088
21683
25038
28508
82
233
1029
3101
1582
4518
5683
5791
7193
985
98
4131
12287
18888
1571
1539
24186
296
21876
21933
720
1585
4240
1782
17660
17483
2819
10217
7653
127
1135
141
967
1099
17593
14921
1265
30886
15377
31359
6797
9384
1311
1426
1525
7644
12709
21710
28162
404
559
1152
1641
2023
2572
3714
4395
5442
6049
6068
7396
8866
8952
9379
10211
10263
11266
12058
12455
12805
13103
15960
19590
20245
21238
22876
23274
26296
28230
29743
32160
639
1167
1299
1310
1894
2028
2425
2604
2681
3527
3718
3918
4398
4616
4697
5225
5234
6180
6529
7406
8074
8563
9188
9640
9991
10422
10612
11556
15466
17257
18119
18296
19508
19593
19895
19901
21573
22760
23941
23944
25829
30341
31499
31718
32196
32787
33067
35379
36586
1046
1678
1887
1920
2017
2160
2291
2710
2796
3051
3377
3457
3466
3549
3847
4261
5378
5663
5750
5830
6027
6840
7274
7451
7492
7647
7658
7775
7792
8677
9368
9581
9879
10369
10685
11360
11450
12214
12829
12974
13335
13381
13405
13639
13664
13706
14557
14977
16080
16195
16642
16778
17300
18521
18626
18796
18798
19150
19305
20847
21340
21510
21571
21662
23401
23778
24016
24876
26143
26432
26506
27323
30242
30361
30624
30714
31058
31749
31918
32215
32611
34603
34617
457
2441
4734
21712
265
2313
1237
30205
354
10583
21037
40
725
1107
2334
131
2463
1930
2459
21468
4862
1064
2319
6039
8231
12116
19565
26719
1417
15983
54
161
448
1940
5107
1149
2678
7491
9971
30938
837
2851
8087
154
2328
125
133
248
35780
1519
10421
10421
1056
1270
1521
2025
2087
3021
3364
3383
3539
3742
4000
7088
7303
7850
8534
9373
10270
11466
15460
16136
17162
17319
17603
17853
18392
19155
26544
27974
31005
31800
37043
2141
184
4
637
1823
897
1266
5824
19835
31183
8450
30211
1100
2289
9350
12110
493
12165
22234
566
23
16537
1098
31271
1607
3206
17552
1252
30261
1003
930
3836
29643
1118
2276
2422
13681
25329
25438
1256
1545
1717
3292
5930
9255
10110
15573
16317
21246
22984
374
395
633
1282
1442
1473
1727
1857
1867
1968
1975
2019
2045
2476
2668
2679
2892
3241
3380
3701
3872
4373
4512
4604
5627
6134
7328
7545
7999
8166
8683
8814
8893
9172
9309
9455
9456
9745
10014
11990
12428
12701
12802
13904
14037
15913
16328
16539
17217
17636
18813
20359
21214
21275
21969
22076
24003
25658
26007
26386
26688
27546
28928
29821
30482
31042
32126
32146
17751
2933
1812
1136
1435
1449
511
652
1811
163
323
891
1501
6778
581
1332
7539
22668
23530
37136
1233
2473
335
799
1388
2156
27669
1244
956
4578
175
46
18106
3875
7717
342
4397
4439
671
848
1865
2029
2495
2621
3258
3315
3389
3628
4162
4790
6112
6162
6189
7080
7445
7736
8065
8414
9220
9976
10425
10567
11897
12082
12393
12693
14644
16202
16529
16868
19343
24861
25667
27406
27616
28644
30563
30980
31348
31612
35277
35668
344
733
65
426
2839
28415
3846
711
2626
650
238
514
557
1715
574
1178
1580
1757
2321
3692
5223
5448
5616
6898
7631
9246
9845
12187
13289
28261
2728
977
1468
2857
3498
9451
734
5484
4419
25959
544
1208
3770
11477
13674
31110
76
856
665
21305
1062
1057
2215
3124
3140
31029
430
31541
1672
451
87
11111
831
880
2098
7773
17183
21181
9653
1993
2229
27666
249
2136
204
9410
5441
52
1091
89
28
2185
20474
2072
5320
838
10404
1090
553
1177
1177
2155
9452
5909
11148
444
3758
7479
8371
20544
21040
26094
752
4367
5453
5677
8907
13399
894
1133
7857
8405
30433
546
1318
1450
1528
1697
4071
5558
6004
6107
6183
6524
15948
16632
17903
18698
26819
28464
1629
1654
1733
1889
1976
2491
2505
4094
4141
4748
5116
6800
6842
7302
7649
7705
7753
7777
8363
8857
9989
10843
11330
12183
14435
17498
20854
20946
21081
21454
22148
24007
24389
24668
26024
26265
28970
30615
31440
32700
34602
906
1166
1338
1677
1714
1788
1835
1856
2056
2163
2405
2639
2705
3148
3210
3547
3777
3845
4968
5090
5361
5419
5446
5935
5956
6823
7102
7383
7490
7662
8492
9091
9776
9797
10376
11239
11766
12186
12400
14104
14148
14298
14417
15214
15284
15322
15975
17115
17884
18429
18805
19440
19482
20595
21828
23404
23666
23826
24381
24905
24996
27704
27774
28638
29750
32103
35080
35114
35711
66
22877
529
115
1223
2909
718
3205
658
86
863
2274
1880
15806
1439
2827
1381
2704
4517
13036
10937
30625
1535
205
5992
59
16065
201
995
305
480
1462
2555
2923
3773
976
245
28641
549
1414
2869
15142
17850
21
2080
19503
24432
1532
1793
670
3759
3766
3801
3975
3998
7284
9242
13825
3345
34
31
536
202
3756
199
30933
467
1777
832
10797
88
10
21879
5854
9489
884
923
1631
1951
2891
3157
5058
5601
7209
9256
19812
21566
226
3813
755
433
593
9580
17646
45
180
1416
7915
1921
7997
7380
9177
3804
169
2435
2873
5461
4267
20473
7577
25775
503
3831
25882
655
3120
5119
7786
9746
10423
10798
18855
949
1111
1262
1357
1486
1761
2232
2424
2680
3135
3163
3863
4391
4505
5698
5885
6611
6780
7204
7290
7651
7659
8154
9257
9426
10107
10308
10603
11125
11953
12261
13263
13876
14102
14988
16103
16364
18376
18694
19796
19935
21544
21671
22495
23936
24355
24707
26437
26856
27042
27118
27784
28570
28802
28973
29535
30838
30897
31698
31965
32132
32500
32920
35532
35843
18726
3002
2153
147
10677
1664
31017
343
19256
104
116
1454
3747
7081
8058
28790
194
2712
1142
27912
6141
980
2815
30939
833
6708
22847
27665
208
849
1595
2033
3512
3881
5311
5468
12424
13037
13203
22168
24408
28654
736
729
2614
1873
2444
7215
561
5477
7540
7778
19734
31124
197
1584
1759
77
3
16468
21451
267
861
15404
7671
2142
1514
1797
798
11268
165
251
488
1121
3168
3760
7369
3127
7045
2192
2222
2641
2900
3040
5609
5777
10591
585
757
1163
2294
2745
2899
3660
4602
5860
7106
7450
7510
10095
10416
10940
12728
12754
19342
24470
25512
26141
29031
30462
30792
35128
868
945
1324
1493
1598
1600
1862
1868
1875
1949
2189
2965
2983
2986
3159
3413
3496
3614
3754
3806
4387
4387
4708
4833
5220
5397
5470
5911
6233
6305
6310
6359
6779
6890
7155
7331
7765
7826
8168
8323
8681
9356
9492
9563
9753
9828
10155
10451
10453
10572
10714
10728
10819
10902
11832
11959
12103
12459
12705
12733
12966
13079
14436
14858
15487
15930
16068
16074
16673
16682
17167
17221
17407
17451
17567
18245
19781
23424
23465
23994
25032
25434
26372
27647
27875
28235
28707
28968
29674
30380
30613
30934
31532
31545
31642
31845
31877
32299
32589
32895
33150
35068
676
11460
744
1628
28458
3296
455
982
2008
8151
13688
19798
20813
39
441
84
185
1226
1457
2610
5338
5781
6704
7388
19465
3609
119
438
174
803
531
454
5754
322
1846
2006
49
14
3385
1037
2235
2103
1461
2608
4544
5603
6178
14416
14555
16557
18040
19693
61
3615
15548
2292
782
764
79
1752
2097
11415
25544
324
1550
2837
215
2927
660
836
31010
31010
1743
542
509
349
12286
3422
1663
4365
9395
2053
2183
2400
2934
3057
14466
805
1402
2548
2910
8639
23996
525
3491
7787
14556
17617
21452
380
606
1072
1212
1243
1355
1362
1376
1635
1637
1730
1902
2034
2047
2050
2090
2171
3184
3256
3266
3374
3499
3581
3671
3854
3935
4118
4179
4399
4411
4444
4477
4516
4645
5021
5106
5779
5783
5861
5901
6019
6031
6121
6150
6537
6712
6744
7003
7567
7763
9034
9241
9382
9418
9898
10166
10259
10264
10424
10560
10571
10608
10889
10939
11397
11763
11793
11833
12407
12418
12660
12677
14138
14259
15150
16015
16344
16556
16559
17117
17393
17907
18615
18750
18987
20048
20376
20762
20772
20773
21568
22562
22762
22987
23319
23891
26203
26919
27147
27664
28425
28671
29647
30379
30623
30884
30953
30955
31044
31418
31613
31742
32546
32588
32659
34348
34692
34956
35163
35397
35819
107
954
53
573
252
17398
320
100
260
3110
445
3664
8456
289
6047
11943
596
2500
196
666
2379
2389
2901
4588
19906
21370
33328
2434
21692
615
1097
7853
15457
904
11944
1160
108
102
12302
30204
2529
2623
1662
4368
588
1799
7942
12007
15560
669
743
1356
1522
1938
2057
2301
2502
2789
3257
4749
5305
5444
5870
6088
6711
7517
7648
8547
9247
9292
9329
9965
10808
11803
12090
12593
12678
12725
12968
13269
14010
15803
15914
17424
18297
18603
18624
18632
18641
19992
20710
22334
23040
23041
23945
24935
25932
26377
26928
28047
32660
1345
113
160
1685
478
1620
38
851
7784
1540
18785
893
266
1840
4474
22842
8359
69
1009
955
74
140
1083
1300
886
295
547
508
5412
11752
644
1063
1373
1842
2011
2115
2250
2423
2687
3880
4138
5221
5752
5949
7312
7463
7560
8155
8536
9176
9823
10586
12752
15025
15567
15687
17855
19605
19794
21570
23394
30491
30808
31891
5833
30943
1754
178
3186
11211
510
3126
9486
1643
6021
820
5758
439
5437
95
318
1190
6080
15137
37155
539
1071
1227
3931
5175
5482
5611
9959
10684
11786
12402
12671
13999
15251
15268
16362
16706
16709
19000
22074
22844
23890
24988
25967
31242
142
694
802
8053
8949
2706
485
590
4080
765
969
1656
2031
3130
3536
3818
3855
8138
11956
13285
18627
22692
24791
25454
29700
693
779
91
1074
413
6336
6644
2519
4345
456
2543
3478
1042
1424
1665
1877
2833
3601
6633
7010
8510
9913
9915
640
499
1725
689
2788
5607
23037
28488
5757
533
951
14613
664
847
1250
152
2360
214
1342
2874
3090
3197
6190
7770
26550
691
80
3056
3750
336
1386
5369
2780
110
770
11750
916
2296
522
999
1655
1660
19675
48
1973
846
5476
1453
2095
532
263
18697
1829
2884
412
414
769
129
807
31131
103
785
112
440
14681
30
281
541
63
22233
123
5203
1937
14608
1548
981
126
2682
2801
948
678
75
5690
223
2042
1590
2332
1419
7801
9511
21339
1235
4189
4652
8054
11756
2074
8843
19785
3072
7055
23971
874
1604
2919
3943
6946
8139
14979
21357
829
2237
17849
408
1495
1658
2082
4417
7781
7968
8056
8076
8124
16312
16780
871
925
1053
2688
4644
7785
10183
13287
13395
13677
13687
19094
19268
22571
28411
603
686
1200
1384
1566
2176
3324
4785
6130
7573
7789
12323
13031
13379
13906
15304
15768
21893
22622
22930
23032
23055
25931
538
576
808
1085
1488
1557
1792
2166
2477
2686
2920
2996
3100
4284
5704
5886
6361
7266
7376
7556
8368
8509
10557
11963
12569
16466
16552
17343
21335
28149
31515
400
575
1427
2040
2378
2943
2961
3162
3316
3333
3934
5150
5776
6893
8083
8580
8900
9090
9911
10624
11013
11902
12054
12498
13640
14643
14972
15394
15395
16392
16555
16580
16588
17395
17754
18214
18424
20548
21012
21564
21844
26072
26720
29705
29760
32176
36440
371
608
643
810
887
950
1016
1198
1199
1279
1305
1391
1529
1693
1702
1706
1747
1834
2105
2106
2701
3037
3119
3267
3274
3311
3350
3387
3440
3668
3896
4059
4107
4278
4291
4573
4597
4687
4744
4900
5151
5679
5717
5767
5769
5843
5892
6142
6398
6841
7483
7524
7550
7602
7839
8064
8191
8286
8805
9035
9381
9637
9756
9820
9878
9928
10222
10253
10551
10911
10948
11523
12113
12166
12266
12506
12808
12815
12828
13473
13607
14144
14174
14217
14969
14973
15028
15601
15602
16600
17640
18189
18219
18695
19006
19112
19634
19728
19857
19987
20399
21010
22310
22665
22851
23354
23539
23616
24526
24906
25094
25253
26361
27522
28648
28721
31751
31752
32161
34321
35582
468
2820
872
181
3091
7742
2003
2329
56
230
136
28246
2293
213
47
717
2485
1330
746
738
3259
1970
1576
92
43
1094
2383
2449
291
579
3005
1020
4609
12307
583
406
521
1010
1129
2272
26400
42
483
1247
3226
6947
8548
978
3865
12289
5604
1408
1756
3235
14094
10492
13584
16148
2907
7053
759
1049
1385
1531
1845
9230
10491
18153
35604
10188
27759
198
1335
70
1983
187
1634
2223
2885
3144
4348
6119
15954
27681
28243
1518
1145
149
16
21381
217
117
23161
1682
2203
2386
3116
5751
15381
16248
17370
29656
345
724
294
2217
5549
708
2234
5238
6111
8540
13682
14119
15976
17378
18118
29742
280
26098
463
824
663
3106
218
984
524
1735
2122
481
12285
565
304
27881
19838
93
1255
7381
1202
1709
3354
14987
523
1065
1301
2220
2287
3814
4434
5586
5746
8080
9872
9958
10592
11770
12304
12804
13107
14656
15400
16206
16935
17196
22374
22554
22662
23006
31031
302
73
613
1127
1254
1008
1659
2740
2842
15589
453
1673
311
182
827
1137
804
26684
1404
28993
992
1086
2071
2453
2931
3229
5547
8068
1903
2367
2799
2940
3810
3965
4532
5329
6602
7543
7597
7780
8838
8992
10455
12803
13318
15454
16209
16458
21569
21691
22697
23221
23937
24259
1336
1483
121
14599
2913
14595
512
920
3877
4837
26401
1443
2903
552
1872
432
618
1070
2897
5556
8133
12373
18889
721
476
7044
3010
36025
735
16366
3007
111
14093
168
3545
5841
844
4551
2490
2852
3866
16320
1084
1901
4072
15407
15974
1264
1294
1791
1810
3273
3334
3604
3610
3637
4370
4425
4441
4487
4618
4648
5608
6135
7154
7230
7243
7897
8075
8082
8433
9049
9488
10086
10402
10415
11735
12638
12655
12756
12863
12877
13204
15586
15771
15774
18031
23772
23823
24187
24238
24641
35795
37000
447
885
683
1174
2026
3146
1850
1360
2148
1698
12703
15220
173
1801
479
5485
699
10582
1144
2060
2522
2845
3118
4170
4200
4590
4929
5587
6356
8505
17410
471
800
7175
472
1276
30363
30501
256
915
2821
3270
3829
8603
11788
1800
470
530
482
1041
106
1624
475
2152
5000
2806
27760
3054
821
1818
700
2587
9871
19087
828
1967
2395
7814
10783
834
1263
1489
1904
2999
3121
4451
6036
6872
8998
9490
10900
11571
13307
13858
22077
24455
25685
26721
27810
31634
34703
369
494
500
1383
1508
1594
1939
1982
2093
2117
2157
2224
2356
2366
2387
2499
2794
2859
3147
3390
3662
3923
4282
4706
5327
5543
5946
6181
6313
6921
7023
7334
7395
7576
7600
7674
7954
8325
8524
8897
8926
9330
9391
9751
9780
10227
10243
10454
10710
11121
11755
13945
15019
16370
16459
16658
16692
16722
18068
20100
20791
21574
22302
23393
25042
25491
26122
28955
30805
34555
34720
38018
1892
415
742
966
520
27550
1742
15438
1027
973
6690
219
328
1509
2075
5960
7642
2110
7046
10139
148
28500
3744
690
332
3694
206
428
5445
8084
8663
9231
17757
1108
777
1502
1346
2005
156
1798
5138
31122
10923
326
253
2708
460
241
1943
3015
1291
1990
2059
2169
5780
22693
1552
1555
1911
2194
3117
3830
3843
4123
4277
4684
5126
5927
7000
7410
9819
10099
11831
13220
15097
16676
20845
21563
21576
22382
24006
25982
27033
31743
32114
1994
10666
4466
7632
10971
19839
1605
4919
535
535
2979
1438
3841
4201
4563
5057
11753
24651
71
1126
677
9092
419
27643
2116
2168
3218
3224
3710
5506
6043
6953
7655
8130
13261
3819
1623
3487
21048
72
692
2282
1936
784
562
1278
3797
18779
9748
325
2676
421
18079
754
1124
1758
449
191
1277
6311
2359
983
2557
4579
1931
2856
914
1019
3227
1125
2330
2404
4703
6128
1326
3111
6114
8085
9925
1992
2037
2069
2198
2323
3202
3404
3753
3803
4490
4603
7484
7634
7693
8211
10162
10942
14346
15800
17006
31602
867
870
1367
1506
1651
1718
1762
2300
2407
2685
2846
4347
4394
4403
4509
4727
5010
5460
5629
6776
7694
7838
8287
8497
8545
8891
9930
10135
10137
10220
10540
10625
10648
11868
12537
13434
13547
16099
16586
17856
18887
19466
19757
20401
20905
21553
23767
24586
26909
28985
29070
30768
786
114
5374
153
638
155
1284
128
279
210
2357
2534
30619
1534
442
6691
3541
16869
15661
2677
986
473
679
662
2832
3236
6091
6120
7014
9235
4832
2104
16150
6241
464
8557
1060
1538
1830
2733
4202
5695
7833
14975
137
17
1524
2748
3001
17729
1507
416
1755
29575
1106
1413
1554
2376
2384
2511
2797
4286
6222
6355
7489
7682
10272
11042
14026
20769
24008
28571
32783
270
527
15016
941
2455
347
921
781
247
1981
1229
6094
6110
8140
996
988
2299
3000
1043
498
1353
203
146
875
19830
224
31655
682
410
18764
97
6187
2624
4591
4593
929
2917
12216
28567
28567
2204
2322
2428
2964
6826
7258
7300
7645
13385
14931
15022
21241
21857
26146
1038
1059
1104
1105
1394
1448
1553
2165
2397
2644
3381
3441
3624
3669
3932
4377
4440
4559
5104
5439
5555
5613
5869
6044
6155
6414
6562
7247
7329
8544
8566
8994
9576
9678
10465
10584
10866
10897
11670
11740
11744
11759
12100
12150
12299
12851
13629
14525
15141
16288
17344
17568
19660
19720
20939
21666
21957
22336
23178
23330
24569
24572
25626
27911
29520
29759
31134
32296
35649
4557
3497
35
1959
3408
5023
787
2962
1231
1806
2109
3347
4753
1445
1022
2228
646
250
1852
2191
2773
4531
6600
8292
11004
12982
13973
14068
794
497
998
3221
1024
315
1696
2488
4423
719
244
3164
348
409
1275
1699
12258
1390
3268
3802
20017
1824
2438
3771
4210
4390
5019
5559
6765
7213
7232
7672
8710
9068
9259
9280
10269
10585
10607
11592
14554
14966
15013
22477
24449
24556
25589
28960
31028
31906
330
17372
236
3479
6252
2410
171
3930
3165
2960
5600
11757
1738
1700
11751
337
314
5566
845
2108
3032
3039
3048
857
1280
1434
2230
3003
4073
4339
5177
5853
9310
9849
10692
18485
25165
31546
1750
16016
3765
429
18808
2331
2690
135
83
17560
924
1820
290
4555
795
144
1794
767
1040
2889
1831
2517
2791
2950
4337
4672
4718
4735
8073
12260
12679
31030
28166
1281
459
1210
1986
2725
3261
11754
11758
14030
22222
301
12477
862
94
726
3295
258
1283
1946
2208
8137
8507
9036
13676
18725
4293
1315
1011
4556
13829
864
2465
2823
2231
11147
272
321
2064
12606
18279
16135
170
466
2492
2944
11264
917
2193
13325
946
262
866
2921
3695
4747
564
1382
5340
1164
105
1023
26402
1068
3769
1979
7501
31108
1745
16435
27736
853
2750
10071
2055
773
789
4412
31205
2065
3014
2976
6317
8055
1004
1054
3741
15799
26385
2202
3372
4175
15482
1066
1075
1092
1096
1176
1393
1906
2388
3730
5205
5399
9261
13227
17953
20026
501
556
592
905
1018
1080
1343
1638
2634
2781
3393
3538
3874
4129
5814
5814
9352
9523
10505
10652
13642
16536
17845
20763
21218
21585
22376
30227
35437
424
1228
1859
2107
2280
2352
2374
2768
2795
2843
2876
2888
2895
3319
3325
3407
3842
4502
4779
5130
5569
5902
6101
6679
7083
7098
7722
9149
9822
9852
10262
10920
12185
14371
14407
15099
15241
16582
16877
18278
18618
19746
23967
28720
31656
32294
35436
36651
221
4111
143
2361
3665
2883
801
6256
1319
2430
713
27729
1249
594
2188
1749
947
1161
2723
890
611
9334
12085
9836
1504
4165
7688
431
695
2159
778
2281
2746
587
285
2436
14998
57
3416
4389
232
209
340
2427
1588
5267
5473
1025
6951
8495
9838
13678
15244
29576
34417
18583
1912
723
1131
2559
687
1547
13387
29272
727
1232
898
4351
6774
239
1012
2735
5020
5165
8060
9170
9394
418
158
2872
2915
4127
1719
1908
1089
1985
6709
189
2096
2523
2841
5552
5774
6318
6825
7900
8229
9233
231
10924
186
12369
3672
697
2307
1770
18081
1809
712
878
2824
177
1952
2613
7495
17525
1113
1341
1647
2377
3328
3774
4077
4346
5762
6515
8732
10105
11043
15033
15862
30200
29707
730
33909
1760
273
151
192
636
220
207
2478
4279
6248
13582
24401
461
16887
2508
1363
1611
1103
656
1211
176
806
1130
3063
12946
659
2448
3993
14856
28844
1944
8960
11771
12986
268
491
502
1543
1692
1893
2233
2726
2866
4212
4297
4340
4386
4410
5022
5436
5729
6095
6147
6294
6596
6718
7946
8322
8409
9244
10061
10799
10800
17383
17602
20685
25948
26657
28097
28308
31548
32646
37116
7798
3736
722
450
913
912
1368
1101
614
3540
791
2835
1285
1958
12301
2908
584
3115
3209
195
823
6330
6817
6904
8089
8537
9652
17443
23358
31027
31633
35316
338
2922
1312
26399
3103
37585
1352
2716
23997
1564
555
612
1216
190
2938
138
18810
157
841
1102
1039
2945
229
1329
788
5756
792
1412
8057
1162
1646
2091
4383
5024
17336
30910
1864
2589
2589
6232
9614
28054
179
2195
1853
20425
716
2783
109
3027
8849
139
2853
1109
172
5896
1112
7091
16327
1578
882
2150
680
13575
558
2347
9336
6146
9105
9386
12524
30197
30936
1720
774
10316
159
1140
1769
881
5610
850
68
741
563
2858
2187
1139
271
274
4673
6251
1851
901
1410
1948
1989
2113
3485
4134
4614
4751
6513
7149
8491
8806
9015
9962
16955
17373
2426
2670
7189
776
965
2875
12344
2894
797
1181
1562
11961
793
2186
2129
435
1030
1737
4765
14253
16452
16532
16533
17335
24246
649
462
2657
2130
589
15889
2503
3277
193
1088
1407
2814
5771
6798
15869
3359
2212
329
7400
284
4150
28657
1668
211
9262
3755
1746
4750
10630
28871
167
6297
27547
12447
2271
5474
17334
2348
4359
1779
3265
1411
16472
3735
647
1855
2951
16783
2298
2592
3733
4592
5366
10066
22757
6421
17184
17462
283
2216
3386
8496
29646
1114
1116
1962
5504
5912
6827
10034
10419
11791
14817
2146
1649
7965
1147
166
4611
11683
790
15926
3297
4344
2627
5171
1251
2251
425
19345
997
162
4580
1172
7496
3225
4355
9866
859
1207
6903
854
7452
13817
17474
27841
9655
2120
17408
10053
975
2119
1933
7440
1606
2179
11525
23120
1406
12987
591
17521
7898
32556
9260
9470
2758
3214
5590
8303
9075
10675
16193
16396
16755
2905
14846
3087
4338
12281
18369
16678
26269
7541
240
5703
6029
6575
10830
16107
6710
269
13714
1723
24385
2738
4246
796
12431
11733
13583
22020
1740
2906
2297
8756
2515
6038
22172
934
5560
5625
926
16208
23043
30195
20281
3763
6637
16703
8362
16296
26139
6452
4998
3262
4262
